X: 23
Y: 18
Start:[1;17]
End:[23;7]
[2;2]
[2;3]
[2;4]
[2;5]
[2;6]
[3;9]
[3;10]
[3;13]
[3;14]
[3;15]
[3;16]
[4;3]
[4;4]
[4;8]
[4;9]
[4;10]
[4;11]
[5;2]
[5;3]
[5;4]
[5;5]
[5;8]
[5;9]
[5;10]
[5;11]
[5;14]
[5;15]
[5;16]
[6;2]
[6;3]
[6;4]
[6;5]
[6;6]
[6;9]
[6;10]
[6;11]
[6;13]
[6;14]
[6;15]
[6;16]
[6;17]
[7;2]
[7;3]
[7;4]
[7;5]
[7;6]
[7;10]
[7;11]
[7;13]
[7;14]
[7;15]
[7;16]
[7;17]
[8;3]
[8;4]
[8;5]
[9;15]
[10;5]
[10;6]
[10;7]
[10;8]
[10;9]
[10;10]
[10;11]
[10;14]
[10;15]
[10;16]
[11;4]
[11;5]
[11;6]
[11;7]
[11;8]
[11;9]
[11;10]
[11;11]
[11;12]
[11;14]
[11;15]
[11;16]
[11;17]
[12;5]
[12;6]
[12;7]
[12;8]
[12;9]
[12;10]
[12;11]
[12;14]
[12;15]
[12;16]
[13;2]
[13;3]
[13;6]
[13;7]
[13;8]
[13;9]
[13;10]
[13;15]
[14;2]
[14;3]
[14;7]
[14;8]
[14;9]
[15;11]
[15;12]
[15;13]
[15;14]
[16;11]
[16;12]
[16;13]
[16;14]
[17;5]
[17;6]
[17;7]
[17;8]
[17;9]
[17;11]
[17;12]
[17;13]
[17;14]
[18;4]
[18;5]
[18;6]
[18;7]
[18;8]
[18;9]
[18;11]
[18;12]
[18;13]
[18;14]
[19;2]
[19;5]
[19;6]
[19;7]
[19;8]
[19;9]
[20;2]
[20;3]
[20;6]
[20;7]
[20;8]
[20;9]
[20;12]
[20;14]
[20;16]
[21;2]
[21;3]
[21;7]
[21;8]
[21;12]
[21;14]
[21;16]
[22;12]
[22;14]
[22;16]